201506011400
201506011500
201506011600
201506011700
201506011800
201506011900
201506012000
201506012100
201506012200
201506012300
201506020000
201506020100
201506020200
201506020300
201506020400
201506020500
201506020600
201506020700
201506040700
201506040800
201506040900
201506041000
201506041100
201506041200
201506041300
201506041400
201506041500
201506041600
201506041700
201506041800
201506041900
201506042000
201506042100
201506042200
201506051000
201506051100
201506051200
201506051300
201506051400
201506051500
201506051600
201506051700
201506051800
201506051900
201506052000
201506052100
201506052200
201506052300
201506060000
201506060100
201506060200
201506060300
201506060700
201506060800
201506060900
201506061000
201506061100
201506061200
201506061300
201506061400
201506061500
201506061600
201506061700
201506061800
201506061900
201506062000
201506062100
201506062200
201506062300
201506070000
201506070800
201506070900
201506071000
201506071100
201506071200
201506071300
201506071400
201506071500
201506071600
201506071700
201506071800
201506071900
201506072000
201506072100
201506072200
201506072300
201506080900
201506081000
201506081100
201506081200
201506081300
201506081400
201506081500
201506081600
201506081700
201506082000
201506082100
201506082200
201506082300
201506090000
201506090100
201506090200
201506090900
201506091000
201506091100
201506091200
201506091300
201506091400
201506091500
201506091600
201506091700
201506091800
201506091900
201506092000
201506092100
201506092200
201506092300
201506100000
201506100100
201506100200
201506100300
201506100400
201506100500
201506100600
201506100700
201506100800
201506100900
201506101000
201506101100
201506101200
201506101300
201506101400
201506101500
201506101600
201506101700
201506101800
201506101900
201506102000
201506102100
201506102200
201506102300
201506110000
201506110100
201506110900
201506111000
201506111100
201506111200
201506111300
201506111400
201506111500
201506111600
201506111700
201506111800
201506111900
201506112000
201506112100
201506120000
201506120100
201506120200
201506120300
201506120400
201506120500
201506120800
201506120900
201506121000
201506121100
201506121200
201506121300
201506121400
201506121500
201506121600
201506121700
201506121800
201506121900
201506130600
201506130700
201506130800
201506130900
201506131000
201506131100
201506131200
201506131300
201506131400
201506131500
201506131600
201506131700
201506131800
201506131900
201506132000
201506150400
201506150500
201506150600
201506150700
201506150800
201506150900
201506151000
201506151100
201506151200
201506151300
201506151400
201506151500
201506151600
201506151700
201506151800
201506151900
201506152000
201506160600
201506160700
201506160800
201506160900
201506161000
201506161100
201506161200
201506161300
201506161400
201506161500
201506161600
201506161700
201506161800
201506161900
201506162000
201506162100
201506162200
201506162300
201506240800
201506240900
201506241000
201506241100
201506241200
201506241300
201506241400
201506241500
201506241600
201506241700
201506250700
201506250800
201506250900
201506251000
201506251100
201506251200
201506251300
201506251400
201506251500
201506251600
201506251700
201506251800
201506251900
201506252000
201506252100
201506252200
201506252300
201506260000
201506260100
201506260200
201506260300
201506260400
201506260500
201506260600
201506260700
201506260800
201506260900
201506261000
201506261100
201506261200
201506261300
201506261400
201506261500
201506261600
201506261700
201506261800
201506261900
201506262000
201506262100
201506262200
201506271000
201506271100
201506271200
201506271300
201506271400
201506271500
201506271600
201506280700
201506280800
201506280900
201506281000
201506281100
201506281200
201506281300
201506281400
201506281500
201506281600
201506281700
201506281800
201506281900
201506301000
201506301100
201506301200
201506301300
201506301400
201506301500
201506301600
201506301700
201506301800
201506301900
201506302000
201506302100
201506302200
201507011400
201507011500
201507011600
201507011700
201507011800
201507011900
201507012000
201507012100
201507012200
201507012300
201507020000
201507031800
201507031900
201507032000
201507032100
201507032200
201507032300
201507040000
201507040100
201507040200
201507040300
201507040400
201507040500
201507040600
201507040700
201507040800
201507040900
201507041000
201507041100
201507041200
201507041300
201507041400
201507041500
201507041600
201507041700
201507041800
201507041900
201507042000
201507042100
201507042200
201507042300
201507050000
201507050100
201507050900
201507051000
201507051100
201507051200
201507051300
201507051400
201507051500
201507051600
201507051700
201507051800
201507051900
201507052000
201507052100
201507060900
201507061000
201507061100
201507061200
201507061300
201507061400
201507061500
201507061600
201507061700
201507070700
201507070800
201507070900
201507071000
201507071100
201507071200
201507071300
201507071400
201507071500
201507071600
201507071700
201507071800
201507071900
201507072000
201507072100
201507072200
201507072300
201507080000
201507080100
201507080900
201507081000
201507081100
201507081200
201507081300
201507081400
201507081500
201507081600
201507090800
201507090900
201507091000
201507091100
201507091200
201507091300
201507091400
201507091500
201507091600
201507091700
201507100700
201507100800
201507100900
201507101000
201507101100
201507101200
201507101300
201507101400
201507101500
201507101600
201507101700
201507101800
201507101900
201507102000
201507102100
201507110900
201507111000
201507111100
201507111200
201507111300
201507111400
201507111500
201507111600
201507111700
201507120900
201507121000
201507121100
201507121200
201507121300
201507121400
201507121500
201507121600
201507121700
201507121800
201507130900
201507131000
201507131100
201507131200
201507131300
201507131400
201507131500
201507131600
201507131700
201507131800
201507131900
201507132000
201507132100
201507132200
201507132300
201507140000
201507140100
201507140200
201507140300
201507140400
201507140500
201507140600
201507140700
201507140800
201507140900
201507141000
201507141100
201507141200
201507141300
201507141400
201507141500
201507141600
201507141700
201507141800
201507141900
201507142000
201507142100
201507142200
201507142300
201507150000
201507150100
201507150200
201507150300
201507150400
201507150500
201507150600
201507150700
201507150800
201507150900
201507151000
201507151100
201507151200
201507151300
201507151400
201507151500
201507151600
201507151700
201507151800
201507151900
201507152000
201507152100
201507152200
201507152300
201507160000
201507160100
201507160200
201507160300
201507160400
201507160500
201507160600
201507160700
201507160800
201507160900
201507161000
201507161100
201507161200
201507161300
201507161400
201507161500
201507161600
201507161700
201507161800
201507161900
201507162000
201507162100
201507162200
201507162300
201507170000
201507170100
201507170200
201507170300
201507170400
201507170500
201507170600
201507170700
201507170800
201507170900
201507171000
201507171100
201507171200
201507171300
201507171400
201507171500
201507171600
201507171700
201507171800
201507171900
201507172000
201507172100
201507172200
201507172300
201507180000
201507180100
201507180200
201507180300
201507180400
201507180500
201507180600
201507180700
201507180800
201507180900
201507181000
201507181100
201507181200
201507181300
201507181400
201507181500
201507181600
201507181700
201507181800
201507181900
201507182000
201507182100
201507182200
201507182300
201507190000
201507190100
201507190200
201507190300
201507190400
201507190500
201507190600
201507190700
201507190800
201507190900
201507191000
201507191100
201507191200
201507191300
201507191400
201507191500
201507191600
201507191700
201507191800
201507191900
201507192000
201507192100
201507192200
201507192300
201507200000
201507200100
201507200200
201507200300
201507200400
201507200500
201507200700
201507200800
201507200900
201507201000
201507201100
201507201200
201507201300
201507201400
201507201500
201507201600
201507201700
201507201800
201507201900
201507202000
201507202100
201507202200
201507202300
201507210000
201507210100
201507210200
201507210300
201507210600
201507210700
201507210800
201507210900
201507211000
201507211100
201507211200
201507211300
201507211400
201507211500
201507211600
201507211700
201507211800
201507211900
201507212000
201507212100
201507212200
201507212300
201507220000
201507220100
201507220200
201507220300
201507220400
201507220500
201507220600
201507220700
201507220800
201507220900
201507221000
201507221100
201507221200
201507221300
201507221400
201507221500
201507221600
201507221700
201507221800
201507221900
201507222000
201507222100
201507222200
201507230500
201507230600
201507230700
201507230800
201507230900
201507231000
201507231100
201507231200
201507231300
201507231400
201507231500
201507231600
201507231700
201507231800
201507231900
201507232000
201507232100
201507232200
201507232300
201507240000
201507240100
201507240600
201507240700
201507240800
201507240900
201507241000
201507241100
201507241200
201507241300
201507241400
201507241500
201507241600
201507241700
201507241800
201507241900
201507242000
201507242100
201507242200
201507242300
201507250000
201507250800
201507250900
201507251000
201507251100
201507251200
201507251300
201507251400
201507251500
201507251600
201507251700
201507251800
201507251900
201507252000
201507252100
201507252200
201507252300
201507260000
201507260100
201507260200
201507260300
201507260800
201507260900
201507261000
201507261100
201507261200
201507261300
201507261400
201507261500
201507261600
201507261700
201507261800
201507261900
201507262000
201507262100
201507262200
201507262300
201507270000
201507270100
201507270200
201507270300
201507270400
201507270500
201507270600
201507270700
201507270800
201507270900
201507271000
201507271100
201507271200
201507271300
201507271400
201507271500
201507271600
201507271700
201507271800
201507271900
201507272000
201507272100
201507272200
201507272300
201507280000
201507280100
201507280200
201507280300
201507280400
201507280500
201507280600
201507280700
201507280800
201507280900
201507281000
201507281100
201507281200
201507281300
201507281400
201507281500
201507281600
201507281700
201507281800
201507281900
201507282000
201507282100
201507282200
201507282300
201507290000
201507290100
201507290200
201507290300
201507290400
201507290500
201507290600
201507290700
201507290800
201507290900
201507291000
201507291100
201507291200
201507291300
201507291400
201507291500
201507291600
201507291700
201507291800
201507291900
201507292000
201507292100
201507292200
201507292300
201507300000
201507300100
201507300200
201507300300
201507300400
201507300500
201507300600
201507300700
201507300800
201507300900
201507301000
201507301100
201507301200
201507301300
201507301400
201507301500
201507301600
201507301700
201507301800
201507301900
201507302000
201507302100
201507302200
201507302300
201507310000
201507310100
201507310200
201507310300
201507310400
201507310500
201507311200
201507311300
201507311400
201507311500
201507311600
201507311700
201507311800
201507311900
201507312000
201507312100
201507312200
201507312300
201508011400
201508011500
201508011600
201508011700
201508011800
201508011900
201508012000
201508012100
201508012200
201508012300
201508020000
201508020100
201508020200
201508020300
201508020400
201508020500
201508020600
201508020700
201508020800
201508020900
201508021000
201508021100
201508021200
201508021300
201508021400
201508021500
201508021600
201508021700
201508021800
201508021900
201508022000
201508022100
201508022200
201508022300
201508030000
201508030100
201508030200
201508030300
201508030400
201508030500
201508030600
201508030700
201508030800
201508030900
201508031000
201508031100
201508031200
201508031300
201508031400
201508031500
201508031600
201508031700
201508031800
201508031900
201508032000
201508032100
201508032200
201508040800
201508040900
201508041000
201508041100
201508041200
201508041300
201508041400
201508041500
201508041600
201508041700
201508041800
201508041900
201508042000
201508050800
201508050900
201508051000
201508051100
201508051200
201508051300
201508051400
201508051500
201508051600
201508051700
201508051800
201508051900
201508052000
201508052100
201508052200
201508052300
201508060000
201508060100
201508060200
201508060300
201508060700
201508060800
201508060900
201508061000
201508061100
201508061200
201508061300
201508061400
201508061500
201508061600
201508061700
201508061800
201508061900
201508062000
201508062100
201508062200
201508062300
201508070000
201508070100
201508070200
201508070300
201508070400
201508070500
201508070600
201508070700
201508070800
201508070900
201508071000
201508071100
201508071200
201508071300
201508071400
201508071500
201508071600
201508071700
201508071800
201508071900
201508072000
201508072100
201508072200
201508072300
201508080000
201508080100
201508080200
201508080300
201508080400
201508080700
201508080800
201508080900
201508081000
201508081100
201508081200
201508081300
201508081400
201508081500
201508081600
201508081700
201508081800
201508090800
201508090900
201508091000
201508091100
201508091200
201508091300
201508091400
201508091500
201508091600
201508100900
201508101000
201508101100
201508101200
201508101300
201508101400
201508110900
201508111000
201508111100
201508111200
201508111300
201508111400
201508111500
201508111600
201508141400
201508141500
201508141600
201508141700
201508141800
201508141900
201508142000
201508142100
201508142200
201508142300
201508150000
201508150100
201508150200
201508150300
201508162100
201508162200
201508162300
201508170000
201508170100
201508170200
201508170800
201508170900
201508171000
201508171100
201508171200
201508171300
201508171400
201508171500
201508171600
201508171700
201508171800
201508171900
201508172000
201508172100
201508172200
201508172300
201508180000
201508180100
201508180200
201508180300
201508180400
201508180500
201508180600
201508180700
201508180800
201508180900
201508181000
201508181100
201508181200
201508181300
201508181400
201508181500
201508181600
201508181700
201508181800
201508181900
201508182000
201508182100
201508182200
201508182300
201508190000
201508190100
201508190200
201508190300
201508190400
201508190500
201508190600
201508190700
201508190800
201508190900
201508191000
201508191100
201508191200
201508191300
201508191400
201508191500
201508191600
201508191700
201508191800
201508191900
201508192000
201508192100
201508200700
201508200800
201508200900
201508201000
201508201100
201508201200
201508201300
201508201400
201508201500
201508201600
201508201700
201508201800
201508201900
201508202000
201508202100
201508202200
201508202300
201508210000
201508210100
201508210200
201508210300
201508211200
201508211300
201508211400
201508211500
201508211600
201508211700
201508211800
201508220600
201508220700
201508220800
201508220900
201508221000
201508221100
201508221200
201508221300
201508221400
201508221500
201508221600
201508221700
201508221800
201508221900
201508222000
201508222100
201508222200
201508222300
201508230000
201508230100
201508230200
201508230300
201508230400
201508230500
201508230600
201508230700
201508230800
201508230900
201508231000
201508231100
201508231200
201508231300
201508231400
201508231500
201508231600
201508231700
201508231800
201508231900
201508232000
201508232100
201508232200
201508232300
201508240000
201508240600
201508240700
201508240800
201508240900
201508241000
201508241100
201508241200
201508241300
201508241400
201508241500
201508241600
201508241700
201508241800
201508241900
201508242000
201508242100
201508242200
201508242300
201508250100
201508250200
201508250300
201508250400
201508250500
201508250600
201508250700
201508250800
201508250900
201508251000
201508251100
201508251200
201508251300
201508251400
201508251500
201508251600
201508251700
201508251800
201508251900
201508252000
201508252100
201508252200
201508252300
201508260000
201508260100
201508260200
201508260300
201508260400
201508260500
201508260600
201508260700
201508260800
201508260900
201508261000
201508261100
201508261200
201508261300
201508261400
201508261500
201508261600
201508261700
201508261800
201508261900
201508262200
201508262300
201508270000
201508270100
201508270200
201508270300
201508270400
201508270500
201508270600
201508270700
201508270800
201508270900
201508271000
201508271100
201508271200
201508271300
201508271400
201508271500
201508271600
201508271700
201508271800
201508271900
201508272000
201508272100
201508280700
201508280800
201508280900
201508281000
201508281100
201508281200
201508281300
201508281400
201508281500
201508281600
201508281700
201508281800
201508281900
201508282000
201508282100
201508282200
201508282300
201508290000
201508290100
201508290200
201508290300
201508290400
201508290500
201508290700
201508290800
201508290900
201508291000
201508291100
201508291200
201508291300
201508291400
201508291500
201508291600
201508291700
201508291800
201508291900
201508292000
201508292100
201508292200
201508292300
201508300000
201508300100
201508300200
201508300300
201508300400
201508300500
201508300600
201508300700
201508300800
201508300900
201508301000
201508301100
201508301200
201508301300
201508301400
201508301500
201508301600
201508301700
201508301800
201508301900
201508302000
201508302100
201508302200
201508302300
201508310000
201508310100
201508310200
201508310300
201508310400
201508310500
201508310600
201508310700
201508310800
201508310900
201508311000
201508311100
201508311200
201508311300
201508311400
201508311500
201508311600
201508311700
201508311800
201508311900
201508312000
201508312100
201508312200
201508312300
201509010000
201509010100
201509010200
201509010300
201509010400
201509010500
201509010600
201509010700
201509010800
201509010900
201509011000
201509011100
201509011200
201509011300
201509011400
201509011500
201509011600
201509011700
201509011800
201509011900
201509012000
201509012100
201509012200
201509012300
201509020000
201509020100
201509020200
201509020300
201509040800
201509040900
201509041000
201509041100
201509041200
201509041300
201509041400
201509041500
201509041600
201509041700
201509041800
201509041900
201509042000
201509050900
201509051000
201509051100
201509051200
201509051300
201509051400
201509051500
201509051600
201509051700
201509051800
201509051900
201509052000
201509052100
201509052200
201509080900
201509081000
201509081100
201509081200
201509081300
201509081400
201509081500
201509081600
201509081700
201509081800
201509111100
201509111200
201509111300
201509111400
201509111500
201509111600
201509111700
201509111800
201509111900
201509112000
201509120100
201509120200
201509120300
201509120400
201509120500
201509120600
201509161000
201509161100
201509161200
201509161300
201509161400
201509161500
201509161600
201509161700
201509161800
201509170900
201509171000
201509171100
201509171200
201509171300
201509171400
201509171500
201509171600
201509171700
201509171800
201509171900
201509172000
201509172100
201509172200
201509172300
201509180000
201509180100
201509180200
201509180300
201509180400
201509180500
201509180600
201509180700
201509180800
201509180900
201509181000
201509181100
201509181200
201509181300
201509181400
201509181500
201509181600
201509181700
201509181800
201509181900
201509182000
201509201100
201509201200
201509201300
201509201400
201509201500
201509201600
201509201700
201509201800
201509201900
201509202000
201509202100
201509211100
201509211200
201509211300
201509211400
201509211500
201509211600
201509211700
201509211800
201509211900
201509212000
201509212100
201509220000
201509220100
201509220200
201509220300
201509220400
201509220900
201509221000
201509221100
201509221200
201509221300
201509221400
201509221500
201509221600
201509221700
201509221800
201509221900
201509222000
201509222100
201509222200
201509222300
201509230000
201509231100
201509231200
201509231300
201509231400
201509231500
201509231600
201509231700
201509231800
201509231900
201509232000
201509232100
201509232200
201509232300
201509240000
201509240800
201509240900
201509241000
201509241100
201509241200
201509241300
201509241400
201509241500
201509241600
201509241700
201509241800
201509241900
201509242000
201509242100
201509242200
201509242300
201509250000
201509250100
201509250200
201509250300
201509250400
201509250500
201509261600
201509261700
201509261800
201509261900
201509262000
201509262100
201509262200
201509262300
201509270000
201509270100
201509270200
201509270300
201509270400
201509270500
201509270600
201509270700
201509270800
201509270900
201509271000
201509271100
201509271200
201509271300
201509271400
201509271500
201509271600
201509271700
201509271800
201509271900
201509272000
201509272100
201509272200
201509272300
201509280000
201509280100
201509280200
201509280300
201605090800
201605090900
201605091000
201605091100
201605091200
201605111400
201605230700
201605230800
201605230900
201605231000
201605231100
201605231200
201605231300
201605231400
201605251100
201605251200
201605251300
201605251400
201605251500
201605251600
201605251700
201605251800
201605301900
201605302000
201605302100
201605302200
201605302300
201605310000
201605310100
201605310200
201605310300
201605310400
201605310500
201605310600
201605310700
201605310800
201605310900
201605311000
201605311100
201605311200
201605311300
201605311400
201605311500
201605311600
201606011200
201606011300
201606011400
201606011500
201606011600
201606011700
201606020700
201606020800
201606020900
201606021000
201606021100
201606021200
201606021300
201606021400
201606021500
201606021600
201606021700
201606021800
201606030800
201606030900
201606031000
201606031100
201606031200
201606031300
201606031400
201606031500
201606040900
201606041000
201606041100
201606041200
201606041300
201606041400
201606041500
201606041600
201606041700
201606041800
201606041900
201606050700
201606050800
201606050900
201606051000
201606051100
201606051200
201606051300
201606051400
201606051500
201606051600
201606051700
201606051800
201606051900
201606060700
201606060800
201606060900
201606061000
201606061100
201606061200
201606061300
201606061400
201606061500
201606061600
201606061700
201606061800
201606061900
201606062000
201606062100
201606062200
201606070900
201606071000
201606071100
201606071200
201606071300
201606071400
201606071500
201606071600
201606080800
201606080900
201606081000
201606081100
201606081200
201606081300
201606081400
201606081500
201606081600
201606081700
201606081800
201606090400
201606090500
201606090600
201606090700
201606090800
201606090900
201606091000
201606091100
201606091200
201606091300
201606091400
201606091500
201606091600
201606091700
201606091800
201606091900
201606092000
201606092100
201606092200
201606092300
201606100000
201606100100
201606100200
201606100300
201606100400
201606100500
201606100600
201606100700
201606100800
201606100900
201606101000
201606101100
201606101200
201606101300
201606101400
201606101500
201606101600
201606101700
201606101800
201606101900
201606102000
201606102100
201606102200
201606102300
201606110000
201606110100
201606110200
201606121000
201606121100
201606121200
201606121300
201606121400
201606121500
201606121600
201606121700
201606121800
201606121900
201606122000
201606122100
201606122200
201606122300
201606130000
201606130100
201606130200
201606130300
201606130400
201606130500
201606130600
201606130700
201606130800
201606130900
201606131000
201606131100
201606131200
201606131300
201606131400
201606131500
201606131600
201606131700
201606131800
201606131900
201606132000
201606132100
201606132200
201606132300
201606140000
201606140100
201606140200
201606140300
201606140400
201606140500
201606140600
201606140700
201606140800
201606140900
201606141000
201606141100
201606141200
201606141300
201606141400
201606141500
201606141600
201606141700
201606141800
201606141900
201606142000
201606142100
201606142200
201606142300
201606150000
201606150100
201606150200
201606150900
201606151000
201606151100
201606151200
201606151300
201606151400
201606151500
201606151600
201606151700
201606151800
201606151900
201606152000
201606152100
201606161100
201606161200
201606161300
201606161400
201606161500
201606161600
201606161700
201606161800
201606161900
201606162000
201606162100
201606170900
201606171000
201606171100
201606171200
201606171300
201606171400
201606171500
201606171600
201606171700
201606171800
201606171900
201606172000
201606172100
201606172200
201606172300
201606180000
201606180100
201606180200
201606180300
201606180400
201606180500
201606180600
201606180700
201606180800
201606180900
201606181000
201606181100
201606181200
201606181300
201606181400
201606181500
201606181600
201606181700
201606181800
201606181900
201606182000
201606182100
201606182200
201606182300
201606190800
201606190900
201606191000
201606191100
201606191200
201606191300
201606191400
201606191500
201606191600
201606191700
201606191800
201606191900
201606192000
201606192100
201606192200
201606192300
201606200000
201606200100
201606200200
201606200300
201606200400
201606200500
201606200600
201606200700
201606200800
201606200900
201606201000
201606201100
201606201200
201606201300
201606201400
201606201500
201606201600
201606201700
201606201800
201606201900
201606202000
201606202100
201606202200
201606202300
201606210000
201606210100
201606210200
201606210300
201606210400
201606210500
201606210700
201606210800
201606210900
201606211000
201606211100
201606211200
201606211300
201606211400
201606211500
201606211600
201606211700
201606211800
201606211900
201606212000
201606212100
201606212200
201606212300
201606220000
201606220100
201606220200
201606220300
201606220700
201606220800
201606220900
201606221000
201606221100
201606221200
201606221300
201606221400
201606221500
201606221600
201606221700
201606221800
201606221900
201606222000
201606222100
201606222200
201606222300
201606230000
201606230100
201606230200
201606230300
201606230400
201606230500
201606230600
201606230700
201606231200
201606231300
201606231400
201606231500
201606231600
201606231700
201606231800
201606231900
201606232000
201606232100
201606232200
201606232300
201606240000
201606240100
201606241300
201606241400
201606241500
201606241600
201606241700
201606241800
201606261500
201606261600
201606261700
201606261800
201606261900
201606262000
201606262100
201606262200
201606262300
201606270000
201606270100
201606270200
201606270300
201606270400
201606270500
201606270600
201606270700
201606270800
201606270900
201606271000
201606271100
201606271200
201606271300
201606271400
201606271500
201606271600
201606271700
201606271800
201606271900
201606272000
201606272100
201606272200
201606272300
201606280000
201606280100
201606280200
201606280300
201606280400
201606280500
201606280600
201606280700
201606280800
201606280900
201606281000
201606281100
201606281200
201606281300
201606281400
201606281500
201606281600
201606281700
201606281800
201606281900
201606282000
201606282100
201606282200
201606282300
201606290000
201606290100
201606290200
201606290300
201606290400
201606290500
201606290600
201606290700
201606290800
201606290900
201606291000
201606291100
201606291200
201606291300
201606291400
201606291500
201606291600
201606291700
201606291800
201606291900
201606292000
201606292100
201606292200
201606292300
201606300000
201606300100
201606300200
201606300300
201606300400
201606300500
201606300600
201606300700
201606300800
201606300900
201606301000
201606301100
201606301200
201606301300
201606301400
201606301500
201606301600
201606301700
201606301800
201606301900
201606302000
201606302100
201606302200
201606302300
201607010000
201607010100
201607010200
201607010800
201607010900
201607011000
201607011100
201607011200
201607011300
201607011400
201607011500
201607011600
201607011700
201607011800
201607011900
201607012000
201607012100
201607012200
201607012300
201607020000
201607020100
201607020200
201607020300
201607020700
201607020800
201607020900
201607021000
201607021100
201607021200
201607021300
201607021400
201607021500
201607021600
201607021700
201607021800
201607021900
201607022000
201607022100
201607022200
201607022300
201607030000
201607030100
201607030200
201607030300
201607030400
201607030500
201607030600
201607030700
201607030800
201607030900
201607031000
201607031100
201607031200
201607031300
201607031400
201607031500
201607031600
201607031700
201607031800
201607031900
201607032000
201607032100
201607032200
201607040600
201607040700
201607040800
201607040900
201607041000
201607041100
201607041200
201607041300
201607041400
201607041500
201607041600
201607041700
201607041800
201607041900
201607042000
201607051000
201607051100
201607051200
201607051300
201607051400
201607051500
201607051600
201607051700
201607051800
201607081300
201607081400
201607081500
201607081600
201607081700
201607081800
201607081900
201607090900
201607091000
201607091100
201607091200
201607091300
201607091400
201607091500
201607091600
201607091700
201607110600
201607110700
201607110800
201607110900
201607111000
201607111100
201607111200
201607111300
201607111400
201607111500
201607111600
201607111700
201607111800
201607111900
201607141200
201607141300
201607141400
201607141500
201607141600
201607141700
201607141800
201607141900
201607142000
201607142100
201607150700
201607150800
201607150900
201607151000
201607151100
201607151200
201607151300
201607151400
201607151500
201607151600
201607151700
201607151800
201607151900
201607152000
201607152100
201607160200
201607160300
201607160400
201607160500
201607160600
201607160700
201607160800
201607160900
201607161000
201607161100
201607161200
201607161300
201607161400
201607161500
201607161600
201607161700
201607161800
201607161900
201607162000
201607162100
201607162200
201607162300
201607170000
201607170100
201607170200
201607170300
201607170400
201607170500
201607170600
201607170700
201607170800
201607170900
201607221100
201607221200
201607221300
201607221400
201607221500
201607221600
201607221700
201607221800
201607221900
201607222000
201607222100
201607222200
201607230100
201607230200
201607230300
201607230400
201607230500
201607230600
201607230700
201607230800
201607230900
201607231000
201607231100
201607231200
201607231300
201607231400
201607231500
201607231600
201607231700
201607231800
201607231900
201607232000
201607232100
201607232200
201607232300
201607240000
201607240100
201607240200
201607240800
201607240900
201607241000
201607241100
201607241200
201607241300
201607241400
201607241500
201607241600
201607241700
201607241800
201607241900
201607242000
201607242100
201607242200
201607242300
201607250000
201607250100
201607250200
201607250300
201607250400
201607250500
201607250600
201607250700
201607250800
201607250900
201607251000
201607251100
201607251200
201607251300
201607251400
201607251500
201607251600
201607251700
201607251800
201607251900
201607252000
201607252100
201607252200
201607252300
201607260000
201607260100
201607260200
201607260300
201607270700
201607270800
201607270900
201607271000
201607271100
201607271200
201607271300
201607271400
201607271500
201607271600
201607271700
201607271800
201607271900
201607272000
201607272100
201607272200
201607272300
201607280000
201607280100
201607280200
201607280300
201607280400
201607280500
201607280600
201607280700
201607280800
201607280900
201607281000
201607281100
201607281200
201607281300
201607281400
201607281500
201607281600
201607281700
201607281800
201607281900
201607282000
201607282100
201607282200
201607282300
201607290000
201607290100
201607290200
201607290700
201607290800
201607290900
201607291000
201607291100
201607291200
201607291300
201607291400
201607291500
201607291600
201607291700
201607291800
201607291900
201607292000
201607292100
201607292200
201607292300
201607300000
201607300100
201607300200
201607300300
201607300400
201607300500
201607300600
201607300700
201607300800
201607300900
201607301000
201607301100
201607301200
201607301300
201607301400
201607301500
201607301600
201607301700
201607301800
201607301900
201607302000
201607302100
201607302200
201607302300
201607310000
201607310100
201607310200
201607310300
201607310400
201607310500
201607310600
201607310700
201607310800
201607310900
201607311000
201607311100
201607311200
201607311300
201607311400
201607311500
201607311600
201607311700
201607311800
201607311900
201607312000
201607312100
201607312200
201607312300
201608010000
201608010100
201608010200
201608010300
201608010400
201608010500
201608010600
201608010700
201608010800
201608010900
201608011000
201608011100
201608011200
201608011300
201608011400
201608011500
201608011600
201608011700
201608011800
201608011900
201608012000
201608012100
201608012200
201608012300
201608020000
201608020100
201608020200
201608020300
201608041000
201608041100
201608041200
201608041300
201608041400
201608041500
201608041600
201608041700
201608041800
201608041900
201608050700
201608050800
201608050900
201608051000
201608051100
201608051200
201608051300
201608051400
201608051500
201608051600
201608051700
201608051800
201608051900
201608052100
201608052200
201608052300
201608060000
201608060100
201608060200
201608060300
201608060400
201608060500
201608060600
201608060700
201608060800
201608060900
201608061000
201608061100
201608061200
201608061300
201608061400
201608061500
201608061600
201608061700
201608061800
201608061900
201608062000
201608062100
201608062200
201608062300
201608070000
201608070100
201608070200
201608070300
201608070400
201608070500
201608070600
201608070700
201608070800
201608070900
201608071000
201608071100
201608071200
201608071300
201608071400
201608071500
201608071600
201608071700
201608071800
201608071900
201608072000
201608072100
201608072200
201608072300
201608080000
201608080100
201608080200
201608080300
201608080400
201608080500
201608080600
201608080700
201608080800
201608080900
201608081000
201608081100
201608081200
201608081300
201608081400
201608081500
201608081600
201608110600
201608110700
201608110800
201608110900
201608111000
201608111100
201608111200
201608111300
201608111400
201608111500
201608111600
201608111700
201608111800
201608111900
201608112000
201608112100
201608112200
201608112300
201608120000
201608120100
201608120200
201608120300
201608120400
201608120500
201608120600
201608120700
201608120800
201608120900
201608121000
201608121100
201608121200
201608121300
201608121400
201608121500
201608121600
201608121700
201608121800
201608121900
201608122000
201608122100
201608122200
201608122300
201608130000
201608130100
201608130200
201608130300
201608130400
201608130500
201608130600
201608130700
201608130800
201608130900
201608131000
201608131100
201608131200
201608131300
201608131400
201608131500
201608131600
201608131700
201608131800
201608131900
201608132000
201608132100
201608132200
201608140100
201608140200
201608140300
201608140400
201608140500
201608140600
201608140700
201608140800
201608140900
201608141000
201608141100
201608141200
201608141300
201608141400
201608141500
201608141600
201608141700
201608141800
201608151100
201608151200
201608151300
201608151400
201608151500
201608151600
201608151700
201608160200
201608160300
201608160400
201608160500
201608160600
201608160700
201608160800
201608160900
201608161000
201608161100
201608161200
201608161300
201608161400
201608161500
201608161600
201608181200
201608181300
201608181400
201608181500
201608181600
201608181700
201608181800
201608181900
201608182000
201608182100
201608182200
201608182300
201608190000
201608190100
201608190200
201608190300
201608190400
201608190500
201608190600
201608190700
201608240800
201608240900
201608241000
201608241100
201608241200
201608241300
201608241400
201608241500
201608241600
201608241700
201608241800
201608241900
201608242000
201608242100
201608242200
201608242300
201608250000
201608250100
201608250200
201608250300
201608250400
201608250500
201608250600
201608270800
201608270900
201608271000
201608271100
201608271200
201608271300
201608271400
201608271500
201608271600
201608271700
201608271800
201608271900
201608272000
201608301000
201608301100
201608301200
201608301300
201608301400
201608301500
201608310900
201608311000
201608311100
201608311200
201608311300
201608311400
201608311500
201608311600
201608311700
201609030700
201609030800
201609030900
201609031000
201609031100
201609031200
201609031300
201609031400
201609031500
201609031600
201609031700
201609031800
201609031900
201609032000
201609032100
201609032200
201609032300
201609040000
201609040100
201609040200
201609040300
201609040400
201609040500
201609040600
201609040700
201609040800
201609040900
201609041000
201609041100
201609041200
201609041300
201609041400
201609041500
201609041600
201609041700
201609041800
201609041900
201609042000
201609042100
201609042200
201609042300
201609050000
201609050100
201609050200
201609050300
201609050400
201609050500
201609050600
201609050700
201609050800
201609050900
201609051000
201609051100
201609051200
201609051300
201609051400
201609051500
201609051600
201609051700
201609051800
201609060700
201609060800
201609060900
201609061000
201609061100
201609061200
201609061300
201609061400
201609061500
201609061600
201609061700
201609061800
201609061900
201609062000
201609070500
201609070600
201609070700
201609070800
201609070900
201609071000
201609071100
201609071200
201609071300
201609071400
201609071500
201609071600
201609071700
201609071800
201609071900
201609072000
201609072100
201609072200
201609080800
201609080900
201609081000
201609081100
201609081200
201609081300
201609081400
201609081500
201609081600
201609081700
201609090600
201609090700
201609090800
201609090900
201609091000
201609091100
201609091200
201609091300
201609091400
201609091500
201609091600
201609091700
201609091800
201609091900
201609100600
201609100700
201609100800
201609100900
201609101000
201609101100
201609101200
201609101300
201609101400
201609101500
201609101600
201609101700
201609101800
201609101900
201609102000
201609102100
201609102200
201609102300
201609110000
201609110100
201609110200
201609110300
201609110400
201609110500
201609110600
201609110700
201609110800
201609110900
201609111000
201609111100
201609111200
201609111300
201609111400
201609111500
201609111600
201609111700
201609111800
201609111900
201609112000
201609112100
201609112200
201609112300
201609120000
201609120100
201609120200
201609120300
201609120400
201609120500
201609120600
201609120700
201609120800
201609120900
201609121000
201609121100
201609121200
201609121300
201609121400
201609121500
201609121600
201609121700
201609121800
201609121900
201609122000
201609122100
201609122200
201609130700
201609130800
201609130900
201609131000
201609131100
201609131200
201609131300
201609131400
201609131500
201609131600
201609131700
201609131800
201609131900
201609132000
201609132100
201609140700
201609140800
201609140900
201609141000
201609141100
201609141200
201609141300
201609141400
201609141500
201609141600
201609141700
201609141800
201609141900
201609142000
201609151000
201609151100
201609151200
201609151300
201609151400
201609151500
201609160800
201609160900
201609161000
201609161100
201609161200
201609161300
201609161400
201609161500
201609161600
201609161700
201609161800
201609161900
201609162000
201609162100
201609162200
201609162300
201609170000
201609170100
201609170700
201609170800
201609170900
201609171000
201609171100
201609171200
201609171300
201609171400
201609171500
201609171600
201609171700
201609171800
201609171900
201609172000
201609301400
201609301500
201609301600
201609301700
201609301800
201609301900
201609302000
201609302100
201609302200
201609302300
201705031300
201705031400
201705031500
201705031600
201705031700
201705031800
201705031900
201705032000
201705042300
201705050000
201705050100
201705050200
201705050300
201705050400
201705081300
201705081400
201705081500
201705081600
201705081700
201705081800
201705082100
201705082200
201705082300
201705090000
201705090100
201705090200
201705090300
201705090900
201705091000
201705091100
201705091200
201705091300
201705091400
201705091500
201705091600
201705091700
201705091800
201705091900
201705092000
201705092100
201705121500
201705121600
201705121700
201705121800
201705121900
201705122000
201705122100
201705122200
201705122300
201705150600
201705150700
201705150800
201705150900
201705151000
201705151100
201705181100
201705181200
201705181300
201705181400
201705181500
201705181600
201705181700
201705181800
201705181900
201705182000
201705190800
201705190900
201705191000
201705191100
201705191200
201705191300
201705191400
201705191500
201705191600
201705191700
201705191800
201705191900
201705192000
201705192100
201705200900
201705201000
201705201100
201705201200
201705201300
201705201400
201705201500
201705201600
201705201700
201705210700
201705210800
201705210900
201705211000
201705211100
201705211200
201705211300
201705211400
201705211500
201705211600
201705211700
201705211800
201705220800
201705220900
201705221000
201705221100
201705221200
201705221300
201705221400
201705221500
201705221600
201705280800
201705280900
201705281000
201705281100
201705281200
201705281300
201705281400
201705281500
201705281600
201705281700
201705281800
201705281900
201705282000
201705282100
201705282200
201705282300
201705290000
201705290100
201705290200
201705290300
201705290400
201705290500
201705290600
201705290700
201705290800
201705290900
201705291000
201705291100
201705291200
201705291300
201705291400
201705291500
201705291600
201705291700
201705291800
201705291900
201705292000
201705292100
201705292200
201705292300
201705300000
201705300100
201705300200
201705300300
201705300400
201705300500
201705300600
201705300700
201705300800
201705300900
201705301000
201705301100
201705301200
201705301300
201705301400
201705301500
201705301600
201705301700
201705301800
201705301900
201705302000
201705310700
201705310800
201705310900
201705311000
201705311100
201705311200
201705311300
201705311400
201705311500
201705311600
201705311700
201705311800
201705311900
201705312000
201705312100
201705312200
201705312300
201706010000
201706010100
201706010200
201706010300
201706012100
201706012200
201706012300
201706020000
201706020100
201706020200
201706020300
201706020400
201706020500
201706020600
201706020700
201706020800
201706020900
201706021000
201706021100
201706021200
201706021300
201706021400
201706021500
201706021600
201706021700
201706021800
201706071200
201706071300
201706071400
201706071500
201706071600
201706071700
201706071800
201706071900
201706072000
201706080800
201706080900
201706081000
201706081100
201706081200
201706081300
201706081400
201706081500
201706081600
201706081700
201706081800
201706081900
201706082000
201706082100
201706082200
201706082300
201706090000
201706100800
201706100900
201706101000
201706101100
201706101200
201706101300
201706101400
201706101500
201706101600
201706110500
201706110600
201706110700
201706110800
201706110900
201706111000
201706111100
201706111200
201706111300
201706111400
201706111500
201706111600
201706111700
201706111800
201706111900
201706112000
201706112100
201706112200
201706112300
201706120000
201706120100
201706120200
201706120300
201706120400
201706120500
201706120600
201706120700
201706120800
201706120900
201706121000
201706121100
201706121200
201706121300
201706121400
201706121500
201706121600
201706121700
201706121800
201706121900
201706122000
201706122100
201706122200
201706122300
201706130000
201706130100
201706130200
201706130300
201706130400
201706130500
201706130600
201706130700
201706130800
201706130900
201706131000
201706131100
201706131200
201706131300
201706131400
201706131500
201706131600
201706131700
201706131800
201706151000
201706151100
201706151200
201706151300
201706151400
201706151500
201706151600
201706151700
201706160700
201706160800
201706160900
201706161000
201706161100
201706161200
201706161300
201706161400
201706161500
201706161600
201706161700
201706161800
201706161900
201706162000
201706162100
201706162200
201706162300
201706170000
201706170700
201706170800
201706170900
201706171000
201706171100
201706171200
201706171300
201706171400
201706171500
201706171600
201706171700
201706171800
201706171900
201706172000
201706172100
201706172200
201706172300
201706180000
201706180100
201706180200
201706180300
201706180400
201706180700
201706180800
201706180900
201706181000
201706181100
201706181200
201706181300
201706181400
201706181500
201706181600
201706181700
201706181800
201706181900
201706182000
201706182100
201706182200
201706182300
201706190000
201706190100
201706190200
201706190300
201706190400
201706190500
201706190700
201706190800
201706190900
201706191000
201706191100
201706191200
201706191300
201706191400
201706191500
201706191600
201706191700
201706191800
201706191900
201706192000
201706192100
201706192200
201706192300
201706200000
201706200100
201706200200
201706200300
201706200400
201706200500
201706200600
201706200700
201706200800
201706200900
201706201000
201706201100
201706201200
201706201300
201706201400
201706201500
201706201600
201706201700
201706201800
201706201900
201706202000
201706202100
201706202200
201706202300
201706210000
201706210100
201706210200
201706210300
201706210400
201706210500
201706210600
201706210700
201706210800
201706210900
201706211000
201706211100
201706211200
201706211300
201706211400
201706211500
201706211600
201706211700
201706211800
201706211900
201706212000
201706212100
201706212200
201706212300
201706220000
201706220100
201706220200
201706220300
201706220400
201706220500
201706220600
201706220900
201706221000
201706221100
201706221200
201706221300
201706221400
201706221500
201706221600
201706221700
201706221800
201706221900
201706222000
201706222100
201706222200
201706222300
201706230000
201706230100
201706230200
201706230300
201706230400
201706230500
201706230600
201706230700
201706230800
201706230900
201706231000
201706231100
201706231200
201706231300
201706231400
201706231500
201706231600
201706231700
201706231800
201706231900
201706232000
201706232100
201706232200
201706232300
201706240000
201706240100
201706240200
201706240300
201706240400
201706241000
201706241100
201706241200
201706241300
201706241400
201706241500
201706241600
201706241700
201706241800
201706241900
201706250600
201706250700
201706250800
201706250900
201706251000
201706251100
201706251200
201706251300
201706251400
201706251500
201706251600
201706251700
201706251800
201706251900
201706252000
201706252100
201706260800
201706260900
201706261000
201706261100
201706261200
201706261300
201706261400
201706261500
201706261600
201706261700
201706261800
201706261900
201706262000
201706270700
201706270800
201706270900
201706271000
201706271100
201706271200
201706271300
201706271400
201706271500
201706271600
201706271700
201706271800
201706271900
201706272000
201706272100
201706272200
201706272300
201706280000
201706280700
201706280800
201706280900
201706281000
201706281100
201706281200
201706281300
201706281400
201706281500
201706281600
201706281700
201706281800
201706281900
201706282000
201706282100
201706282200
201706282300
201706290000
201706290100
201706290200
201706290300
201706290700
201706290800
201706290900
201706291000
201706291100
201706291200
201706291300
201706291400
201706291500
201706291600
201706291700
201706291800
201706291900
201706292000
201706292100
201706300600
201706300700
201706300800
201706300900
201706301000
201706301100
201706301200
201706301300
201706301400
201706301500
201706301600
201706301700
201706301800
201706301900
201706302000
201706302100
201706302200
201706302300