201707010000
201707010100
201707010200
201707010300
201707010400
201707010500
201707010600
201707010700
201707010800
201707010900
201707011000
201707011100
201707011200
201707011300
201707011400
201707011500
201707011600
201707011700
201707011800
201707011900
201707012000
201707012100
201707012200
201707012300
201707020000
201707020100
201707020200
201707020300
201707020400
201707020500
201707020600
201707020700
201707020800
201707020900
201707021000
201707021100
201707021200
201707021300
201707021400
201707021500
201707021600
201707021700
201707021800
201707021900
201707022000
201707022100
201707022200
201707022300
201707030000
201707030100
201707030200
201707030300
201707030400
201707030500
201707030600
201707030700
201707030800
201707030900
201707031000
201707031100
201707031200
201707031300
201707031400
201707031500
201707031600
201707031700
201707031800
201707031900
201707032000
201707032100
201707032200
201707032300
201707040000
201707040100
201707040200
201707040300
201707040400
201707040500
201707040600
201707040700
201707040800
201707040900
201707041000
201707041100
201707041200
201707041300
201707041400
201707041500
201707041600
201707041700
201707041800
201707041900
201707042000
201707042100
201707042200
201707042300
201707050000
201707050100
201707050200
201707050300
201707050400
201707050500
201707050600
201707050700
201707050800
201707050900
201707051000
201707051100
201707051200
201707051300
201707051400
201707051500
201707051600
201707051700
201707051800
201707051900
201707052000
201707052100
201707052200
201707052300
201707060000
201707060100
201707060200
201707060300
201707060400
201707060500
201707060600
201707060700
201707060800
201707060900
201707061000
201707061100
201707061200
201707061300
201707061400
201707061500
201707061600
201707061700
201707061800
201707061900
201707062000
201707062100
201707062200
201707062300
201707070000
201707070100
201707070200
201707070300
201707070400
201707070500
201707070600
201707070700
201707070800
201707171400
201707171500
201707171600
201707171700
201707171800
201707171900
201707172000
201707172100
201707172200
201707172300
201707180000
201707180100
201707180200
201707180300
201707180400
201707180500
201707180600
201707180700
201707180800
201707180900
201707181000
201707181100
201707181200
201707181300
201707181400
201707181500
201707181600
201707181700
201707181800
201707181900
201707182000
201707182100
201707182200
201707182300
201707190000
201707190100
201707190200
201707190300
201707190400
201707190500
201707190600
201707190700
201707190800
201707190900
201707191000
201707191100
201707191200
201707191300
201707191400
201707191500
201707191600
201707191700
201707191800
201707191900
201707192000
201707192100
201707192200
201707192300
201707200000
201707200100
201707200200
201707200300
201707200400
201707200500
201707200600
201707200700
201707200800
201707200900
201707201000
201707201100
201707201200
201707201300
201707201400
201707201500
201707201600
201707201700
201707201800
201707201900
201707202000
201707202100
201707202200
201707202300
201707210000
201707210100
201707210200
201707210300
201707210400
201707210500
201707210600
201707210700
201707210800
201707210900
201707211000
201707211100
201707211200
201707211300
201707211400
201707211500
201707211600
201707211700
201707211800
201707211900
201707212000
201707212100
201707212200
201707212300
201707220000
201707220100
201707220200
201707220300
201707220400
201707220500
201707220600
201707220700
201707220800
201707220900
201707221000
201707221100
201707221200
201707221300
201707221400
201707221500
201707221600
201707221700
201707221800
201707221900
201707222000
201707222100
201707222200
201707222300
201707230000
201707230100
201707230200
201707230300
201707230400
201707230500
201707230600
201707230700
201707230800
201707230900
201707231000
201707231100
201707231200
201707231300
201707231400
201707231500
201707231600
201707231700
201707231800
201707231900
201707232000
201707232100
201707232200
201707232300
201707240000
201707240100
201707240200
201707240300
201707240400
201707240500
201707240600
201707240700
201707240800
201707240900
201707241000
201707241100
201707241200
201707241300
201707241400
201707241500
201707241600
201707241700
201707241800
201707241900
201707242000
201707242100
201707242200
201707242300
201707250000
201707250100
201707250200
201707250300
201707250400
201707250500
201707250600
201707250700
201707250800
201707250900
201707251000
201707251100
201707251200
201707251300
201707251400
201707251500
201707251600
201707251700
201707251800
201707251900
201707252000
201707252100
201707252200
201707252300
201707260000
201707260100
201707260200
201707260300
201707260400
201707260500
201707260600
201707260700
201707260800
201707260900
201707261000
201707261100
201707261200
201707261300
201707261400
201707261500
201707261600
201707261700
201707261800
201707261900
201707262000
201707262100
201707262200
201707262300
201707270000
201707270100
201707270200
201707270300
201707270400
201707270500
201707270600
201707270700
201707270800
201707270900
201707271000
201707271100
201707271200
201707271300
201707271400
201707271500
201707271600
201707271700
201707271800
201707271900
201707272000
201707272100
201707272200
201707272300
201707280000
201707280100
201707280200
201707280300
201707280400
201707280500
201707280600
201707280700
201707280800
201707280900
201707281000
201707281100
201707281200
201707281300
201707281400
201707281500
201707281600
201707281700
201707281800
201707281900
201707282000
201707282100
201707282200
201707282300
201707290000
201707290100
201707290200
201707290300
201707290400
201707290500
201707290600
201707290700
201707290800
201707290900
201707291000
201707291100
201707291200
201707291300
201707291400
201707291500
201707291600
201707291700
201707291800
201707291900
201707292000
201707292100
201707292200
201707292300
201707300000
201707300100
201707300200
201707300300
201707300400
201707300500
201707300600
201707300700
201707300800
201707300900
201707301000
201707301100
201707301200
201707301300
201707301400
201707301500
201707301600
201707301700
201707301800
201707301900
201707302000
201707302100
201707302200
201707302300
201707310000
201707310100
201707310200
201707310300
201707310400
201707310500
201707310600
201707310700
201707310800
201707310900
201707311000
201707311100
201707311200
201707311300
201707311400
201707311500
201707311600
201707311700
201707311800
201707311900
201707312000
201707312100
201707312200
201707312300